#BEAM Colour Palette Definition File
#Mon Mar 21 12:53:32 EDT 2016
autoDistribute=true
color0=0,0,0,0
color10=255,140,0
color11=255,0,0
color1=66,0,209
color2=0,0,255
color3=0,110,255
color4=0,255,255
color5=0,255,178
color6=0,255,89
color7=0,255,0
color8=165,255,0
color9=255,255,0
numPoints=12
sample0=0.0
sample10=1.5857448999125225
sample11=1.7178903082385661
sample1=0.39643622497813064
sample2=0.5285816333041742
sample3=0.6607270416302178
sample4=0.7928724499562613
sample5=0.9250178582823048
sample6=1.0571632666083484
sample7=1.189308674934392
sample8=1.3214540832604356
sample9=1.453599491586479
