#BEAM Color Palette Definition File
#Fri Jun 18 15:38:24 CEST 2004
color0=0,0,0
color1=255,255,255
color2=152,216,232
color3=152,206,22
color4=255,229,0
color5=255,51,0
color6=0,0,0
numPoints=7
sample0=2.4991030129053264
sample1=2.499103088943853
sample2=11.295623571560192
sample3=24.338740501608832
sample4=51.33495903778768
sample5=82.11338470974643
sample6=100.0
autoDistribute=true