#BEAM Color Palette Definition File
#Fri Jun 18 15:41:10 CEST 2004
color0=0,0,0
color1=0,0,255
color2=51,255,255
color3=0,102,0
color4=51,204,0
color5=255,255,0
color6=255,127,5
color7=255,0,0
color8=0,0,0
numPoints=9
sample0=1.5491888476928795
sample1=1.549188863184768
sample2=5.32524632065076
sample3=9.628811999273577
sample4=18.23594335651923
sample5=26.84307471376488
sample6=44.05733742825616
sample7=87.09299421448445
sample8=99.6071058000837
autoDistribute=true