#BEAM Color Palette Definition File
#Fri Jun 18 15:41:10 CEST 2004
color0=0,0,0
color10=255,255,0
color11=255,127,5
color12=255,127,5
color13=255,0,0
color14=255,0,0
color15=0,0,0
color1=0,0,255
color2=0,0,255
color3=51,255,255
color4=51,255,255
color5=0,102,0
color6=0,102,0
color7=51,204,0
color8=51,204,0
color9=255,255,0
numPoints=16
sample0=1.5491888476928795
sample10=44.05733699789959
sample11=44.05733742825616
sample12=87.09299335377126
sample13=87.09299421448445
sample14=99.60710481422946
sample15=99.6071058000837
sample1=1.549188863184768
sample2=5.325246277615101
sample3=5.32524632065076
sample4=9.628811913202272
sample5=9.628811999273577
sample6=18.235943184376605
sample7=18.23594335651923
sample8=26.84307445555093
sample9=26.84307471376488
autoDistribute=true