#BEAM Color Palette Definition File
#Fri Jun 18 15:38:24 CEST 2004
color0=0,0,0
color10=255,51,0
color11=0,0,0
color1=255,255,255
color2=255,255,255
color3=152,216,232
color4=152,216,232
color5=152,206,22
color6=152,206,22
color7=255,229,0
color8=255,229,0
color9=255,51,0
numPoints=12
sample0=2.4991030129053264
sample10=99.999999
sample11=100.0
sample1=2.499103088943853
sample2=11.295623462362006
sample3=11.295623571560192
sample4=24.338740261979478
sample5=24.338740501608832
sample6=51.33495852819614
sample7=51.33495903778768
sample8=82.11338388861257
sample9=82.11338470974643
autoDistribute=true