#BEAM Color Palette Definition File
#Fri Jun 18 15:42:04 CEST 2004
color0=255,255,255
color10=255,255,102
color11=255,153,0
color12=255,153,51
color13=255,0,0
color1=0,0,255
color2=0,0,255
color3=51,255,255
color4=51,255,255
color5=0,102,0
color6=0,102,0
color7=51,204,0
color8=51,204,0
color9=255,255,102
numPoints=14
sample0=2.5819813600882955
sample10=52.88214368544592
sample11=58.675879660094445
sample12=63.68887354884462
sample13=69.9999993
sample1=8.384383606610662
sample2=13.906101674174046
sample3=19.27879415532594
sample4=23.386760541780713
sample5=29.18049651642924
sample6=33.65747431502127
sample7=38.397803748824614
sample8=42.34807827699406
sample9=48.40516588685387
autoDistribute=true