#BEAM Color Palette Definition File
#Fri Jun 25 14:58:02 CEST 2004
color0=0,0,0
color1=0,0,255
color2=0,0,255
color3=0,255,0
color4=51,255,51
color5=255,255,0
color6=255,255,0
color7=200,0,0
numPoints=8
sample0=0.012085853700744678
sample1=0.012085853848050113
sample2=0.2
sample3=0.2
sample4=0.6
sample5=0.6
sample6=1.99999998
sample7=2.0