#BEAM Color Palette Definition File
#Fri Jun 25 14:54:40 CEST 2004
color0=0,0,0
color1=51,102,255
color2=51,255,204
color3=51,255,0
color4=255,255,0
color5=255,51,51
numPoints=6
sample0=0.0050792659888554414
sample1=0.01894281410688613
sample2=0.057535356762906276
sample3=0.2
sample4=0.5976143630685996
sample5=2.0