numLevels  = 5
dataType   = 0
width      = 21600
height     = 10800
tileFormat = jpeg
i2mTransform = 0.0166667,0.0,0.0,-0.0166667,-180.0,90.0
