neural_net=fub_cm_land.nna

# default value, change if required
#validExpression=not l1_flags.INVALID and dem_alt > -50

param_1 = -0.488970
param_2 = 6.57398

max_1 =  3.764970005e-01
min_1 =  3.444169834e-02
max_2 =  4.159939885e-01
min_2 =  2.886760049e-02
max_3 =  4.599359930e-01
min_3 =  2.183279954e-02
max_4 =  4.622859955e-01
min_4 =  1.901110075e-02
max_5 =  4.480769932e-01
min_5 =  1.293110009e-02
max_6 =  4.661560059e-01
min_6 =  8.203939535e-03
max_7 =  5.651280284e-01
min_7 =  4.936240148e-03
max_8 =  5.927590132e-01
min_8 =  4.084070213e-03
max_9 =  6.099539995e-01
min_9 =  2.504710108e-03
max_10 =  1.116580009e+00
min_10 =  1.164959967e-01
max_11 =  1.025579956e+03
min_11 =  3.323739929e+02
max_12 =  7.645999756e+02
min_12 =  7.590000000e+02
max_13 =  9.753040075e-01
min_13 =  1.490180045e-01
max_14 =  1.000000000e+00
min_14 =  7.501109838e-01
max_15 =  6.613119841e-01
min_15 =  -6.613119841e-01