neural_net=fub_cm_ocean.nna

# default value, change if required
#validExpression=not l1_flags.INVALID and dem_alt <= -50

param_1 = -0.322520
param_2 = 13.3145

max_1 =  3.488360047e-01
min_1 =  6.303489953e-02
max_2 =  3.482210040e-01
min_2 =  4.928290099e-02
max_3 =  3.457759917e-01
min_3 =  2.897069976e-02
max_4 =  3.455339968e-01
min_4 =  2.190610021e-02
max_5 =  3.463329971e-01
min_5 =  1.493350044e-02
max_6 =  3.493590057e-01
min_6 =  1.003110036e-02
max_7 =  3.527840078e-01
min_7 =  6.653499790e-03
max_8 =  3.550589979e-01
min_8 =  5.627700128e-03
max_9 =  3.589029908e-01
min_9 =  1.257019956e-02
max_10 =  9.228680134e-01
min_10 =  1.390469968e-01
max_11 =  1.030000000e+03
min_11 =  9.600000000e+02
max_12 =  7.645999756e+02
min_12 =  7.590000000e+02
max_13 =  9.753040075e-01
min_13 =  1.490180045e-01
max_14 =  1.000000000e+00
min_14 =  7.501109838e-01
max_15 =  6.613119841e-01
min_15 =  -6.613119841e-01